-0.14814814814814814,0.038461538461538464,1.16
-0.18518518518518517,0.0,1.16
-0.1111111111111111,0.0,1.12
Button released
Button 3 pressed
-0.3333333333333333,0.0,1.12
-0.4444444444444444,0.038461538461538464,1.2
-0.5185185185185185,0.038461538461538464,1.28
-0.6296296296296297,0.0,1.32
-0.7407407407407407,-0.07692307692307693,1.4
-0.8518518518518519,-0.07692307692307693,1.44
-0.9629629629629629,-0.07692307692307693,1.44
-1.0,-0.07692307692307693,1.44
-1.037037037037037,-0.11538461538461539,1.36
-1.037037037037037,-0.07692307692307693,1.36
-1.0740740740740742,-0.07692307692307693,1.32
-1.1111111111111112,-0.038461538461538464,1.36
-1.1111111111111112,-0.07692307692307693,1.32
-1.0740740740740742,-0.07692307692307693,1.28
-1.0740740740740742,-0.038461538461538464,1.2
-0.9629629629629629,0.0,1.16
-0.8148148148148148,0.0,1.16
-0.6296296296296297,0.0,1.16
-0.48148148148148145,-0.038461538461538464,1.12
-0.25925925925925924,-0.11538461538461539,1.08
0.4074074074074074,-0.11538461538461539,0.72
0.5925925925925926,0.038461538461538464,0.6
0.7037037037037037,0.11538461538461539,0.48
0.7407407407407407,0.11538461538461539,0.32
1.037037037037037,0.19230769230769232,0.36
1.2222222222222223,0.23076923076923078,0.48
1.3333333333333333,0.2692307692307692,0.56
1.3333333333333333,0.2692307692307692,0.64
1.3333333333333333,0.3076923076923077,0.76
1.3333333333333333,0.34615384615384615,0.88
1.3333333333333333,0.34615384615384615,1.04
1.2592592592592593,0.34615384615384615,1.08
1.2222222222222223,0.34615384615384615,1.12
1.2222222222222223,0.2692307692307692,1.12
1.2222222222222223,0.23076923076923078,1.12
1.2592592592592593,0.19230769230769232,1.12
1.2592592592592593,0.19230769230769232,1.16
1.2222222222222223,0.19230769230769232,1.24
Button released
Button 3 pressed
-0.2222222222222222,0.0,1.08
-0.2222222222222222,0.0,1.16
-0.25925925925925924,-0.038461538461538464,1.2
-0.2222222222222222,-0.038461538461538464,1.16
0.07407407407407407,0.11538461538461539,1.28
-0.14814814814814814,0.0,1.12
-0.2962962962962963,0.0,1.12
-0.25925925925925924,-0.038461538461538464,1.08
-0.25925925925925924,0.0,1.08
-0.25925925925925924,0.0,1.08
-0.2962962962962963,0.0,1.16
-0.2962962962962963,0.038461538461538464,1.28
-0.4444444444444444,0.0,1.36
-0.5185185185185185,-0.038461538461538464,1.36
-0.5185185185185185,-0.038461538461538464,1.36
-0.5185185185185185,-0.07692307692307693,1.4
-0.5555555555555556,-0.07692307692307693,1.44
-0.6296296296296297,-0.11538461538461539,1.4
-0.7037037037037037,-0.11538461538461539,1.4
-0.7037037037037037,-0.11538461538461539,1.36
-0.7037037037037037,-0.07692307692307693,1.28
-0.7037037037037037,-0.038461538461538464,1.2
-0.6296296296296297,-0.07692307692307693,1.12
-0.5925925925925926,-0.038461538461538464,1.16
-0.5925925925925926,-0.07692307692307693,1.16
-0.6296296296296297,-0.07692307692307693,1.2
-0.6296296296296297,-0.11538461538461539,1.2
-0.5925925925925926,-0.11538461538461539,1.12
-0.48148148148148145,-0.15384615384615385,1.04
-0.1111111111111111,-0.11538461538461539,0.8
0.037037037037037035,0.0,0.72
0.07407407407407407,0.038461538461538464,0.76
0.1111111111111111,0.038461538461538464,1.2
0.2962962962962963,0.0,1.28
0.4074074074074074,-0.038461538461538464,1.16
0.5555555555555556,0.0,1.08
0.6666666666666666,0.038461538461538464,0.88
0.8148148148148148,0.038461538461538464,0.28
1.0,0.11538461538461539,0.6
1.1481481481481481,0.11538461538461539,0.72
1.3333333333333333,0.15384615384615385,0.76
1.4814814814814814,0.19230769230769232,0.8
1.5185185185185186,0.3076923076923077,1.12
1.4444444444444444,0.19230769230769232,1.2
Button released
Button 4 pressed
-0.6666666666666666,-0.038461538461538464,0.16
-0.7407407407407407,0.0,-0.04
-0.6296296296296297,0.038461538461538464,0.16
-0.4074074074074074,0.0,0.4
0.0,-0.038461538461538464,0.64
0.4074074074074074,-0.038461538461538464,1.16
0.9259259259259259,0.0,1.72
1.3703703703703705,0.07692307692307693,2.12
1.5555555555555556,0.19230769230769232,2.52
1.5185185185185186,0.2692307692307692,2.52
1.1481481481481481,0.2692307692307692,2.24
0.6296296296296297,0.19230769230769232,1.68
-0.3333333333333333,0.07692307692307693,0.52
-0.6296296296296297,0.07692307692307693,0.12
-0.7777777777777778,0.0,-0.08
-0.7407407407407407,0.0,-0.04
-0.48148148148148145,-0.07692307692307693,0.16
-0.14814814814814814,-0.11538461538461539,0.56
0.3333333333333333,-0.11538461538461539,1.12
0.6666666666666666,-0.038461538461538464,1.64
0.8888888888888888,0.07692307692307693,1.92
0.8148148148148148,0.15384615384615385,1.92
0.5185185185185185,0.15384615384615385,1.64
0.18518518518518517,0.19230769230769232,1.24
-0.14814814814814814,0.07692307692307693,0.8
-0.4074074074074074,0.0,0.48
-0.5185185185185185,-0.07692307692307693,0.28
-0.4074074074074074,-0.11538461538461539,0.32
-0.1111111111111111,-0.11538461538461539,0.6
0.3333333333333333,-0.038461538461538464,1.08
0.7777777777777778,0.07692307692307693,1.64
1.037037037037037,0.15384615384615385,2.04
0.9259259259259259,0.19230769230769232,2.04
0.5185185185185185,0.15384615384615385,1.64
-0.5185185185185185,-0.038461538461538464,0.32
-0.7777777777777778,-0.11538461538461539,0.0
-0.7037037037037037,-0.11538461538461539,0.0
-0.4074074074074074,-0.07692307692307693,0.28
0.037037037037037035,-0.11538461538461539,0.76
0.5185185185185185,0.0,1.4
0.8148148148148148,0.11538461538461539,1.76
0.8518518518518519,0.19230769230769232,1.84
0.7037037037037037,0.15384615384615385,1.76
0.4444444444444444,0.07692307692307693,1.52
0.1111111111111111,0.0,1.12
-0.1111111111111111,-0.07692307692307693,0.8
-0.2222222222222222,-0.07692307692307693,0.68
-0.18518518518518517,-0.07692307692307693,0.64
-0.07407407407407407,-0.07692307692307693,0.76
0.18518518518518517,0.038461538461538464,1.12
0.25925925925925924,0.07692307692307693,1.24
0.25925925925925924,0.11538461538461539,1.28
Button released
Button 4 pressed
-0.18518518518518517,0.07692307692307693,0.84
-0.14814814814814814,0.07692307692307693,0.84
-0.037037037037037035,0.19230769230769232,0.8
0.2222222222222222,0.11538461538461539,1.2
0.37037037037037035,0.11538461538461539,1.36
0.48148148148148145,0.11538461538461539,1.56
0.48148148148148145,0.07692307692307693,1.56
0.4074074074074074,0.038461538461538464,1.4
0.25925925925925924,0.0,1.2
-0.07407407407407407,0.038461538461538464,0.8
-0.1111111111111111,0.07692307692307693,0.8
0.07407407407407407,0.07692307692307693,1.12
0.18518518518518517,0.0,1.24
0.18518518518518517,-0.038461538461538464,1.2
0.037037037037037035,0.0,0.88
0.18518518518518517,0.0,1.2
0.2222222222222222,0.0,1.2
0.18518518518518517,0.038461538461538464,1.16
0.2222222222222222,0.07692307692307693,1.16
0.25925925925925924,0.11538461538461539,1.24
0.25925925925925924,0.11538461538461539,1.24
0.2222222222222222,0.07692307692307693,1.24
0.18518518518518517,0.038461538461538464,1.2
0.18518518518518517,0.038461538461538464,1.2
0.14814814814814814,0.038461538461538464,1.12
Button released
Button 4 pressed
-0.14814814814814814,0.0,0.8
-0.1111111111111111,0.038461538461538464,0.84
0.18518518518518517,0.07692307692307693,1.12
0.2962962962962963,0.07692307692307693,1.44
0.37037037037037035,0.07692307692307693,1.52
0.3333333333333333,0.07692307692307693,1.4
0.18518518518518517,0.038461538461538464,1.2
-0.037037037037037035,0.0,0.84
-0.07407407407407407,0.0,0.76
-0.1111111111111111,0.0,0.72
-0.07407407407407407,0.038461538461538464,0.8
0.1111111111111111,0.07692307692307693,1.2
0.1111111111111111,0.07692307692307693,1.2
0.1111111111111111,0.07692307692307693,1.2
0.1111111111111111,0.038461538461538464,1.12
0.1111111111111111,0.038461538461538464,1.12
0.1111111111111111,0.038461538461538464,1.16
0.14814814814814814,0.07692307692307693,1.2
0.18518518518518517,0.11538461538461539,1.2
0.14814814814814814,0.11538461538461539,1.16
-0.07407407407407407,0.11538461538461539,0.8
-0.07407407407407407,0.11538461538461539,0.76
-0.1111111111111111,0.07692307692307693,0.76
-0.07407407407407407,0.0,0.84
0.18518518518518517,0.038461538461538464,1.12
0.18518518518518517,0.07692307692307693,1.2
0.1111111111111111,0.07692307692307693,1.2
0.037037037037037035,0.07692307692307693,1.12
0.1111111111111111,0.11538461538461539,1.12
0.1111111111111111,0.07692307692307693,1.12
0.1111111111111111,0.038461538461538464,1.12
0.14814814814814814,0.038461538461538464,1.12
0.1111111111111111,0.038461538461538464,1.16
0.1111111111111111,0.038461538461538464,1.12
Button released
Button 4 pressed
-0.18518518518518517,0.0,0.76
-0.14814814814814814,0.0,0.84
0.25925925925925924,0.07692307692307693,1.2
0.4074074074074074,0.15384615384615385,1.48
0.4444444444444444,0.15384615384615385,1.56
0.3333333333333333,0.11538461538461539,1.44
0.18518518518518517,0.07692307692307693,1.32
0.07407407407407407,0.0,1.16
-0.07407407407407407,-0.038461538461538464,0.88
-0.1111111111111111,-0.038461538461538464,0.8
-0.07407407407407407,-0.038461538461538464,0.84
0.0,0.0,0.88
0.18518518518518517,0.11538461538461539,1.08
0.2222222222222222,0.15384615384615385,1.12
0.2222222222222222,0.11538461538461539,1.12
0.1111111111111111,0.038461538461538464,1.12
0.1111111111111111,0.07692307692307693,1.12
0.1111111111111111,0.11538461538461539,1.12
0.1111111111111111,0.07692307692307693,1.12
0.1111111111111111,0.038461538461538464,1.12
0.1111111111111111,0.07692307692307693,1.12
0.14814814814814814,0.07692307692307693,1.16
0.1111111111111111,0.07692307692307693,1.16
Button released
Button 4 pressed
0.2222222222222222,0.15384615384615385,1.24
0.25925925925925924,0.11538461538461539,1.28
0.18518518518518517,0.038461538461538464,1.28
0.1111111111111111,-0.07692307692307693,1.16
0.037037037037037035,-0.11538461538461539,1.12
0.07407407407407407,-0.038461538461538464,1.16
0.07407407407407407,0.038461538461538464,1.16
0.0,0.07692307692307693,0.84
0.07407407407407407,0.038461538461538464,0.88
0.18518518518518517,0.038461538461538464,1.12
0.2222222222222222,0.07692307692307693,1.2
0.18518518518518517,0.07692307692307693,1.2
0.14814814814814814,-0.038461538461538464,1.12
0.14814814814814814,0.038461538461538464,1.16
0.14814814814814814,0.038461538461538464,1.2
0.1111111111111111,0.07692307692307693,1.16
0.07407407407407407,0.07692307692307693,1.12
0.1111111111111111,0.07692307692307693,1.12
0.14814814814814814,0.038461538461538464,1.16
0.18518518518518517,0.038461538461538464,1.16
0.14814814814814814,0.038461538461538464,1.12
Button released
Button 4 pressed
-0.1111111111111111,0.038461538461538464,0.76
0.14814814814814814,0.038461538461538464,1.2
0.25925925925925924,0.07692307692307693,1.32
0.3333333333333333,0.11538461538461539,1.36
0.25925925925925924,0.07692307692307693,1.32
0.18518518518518517,0.038461538461538464,1.28
0.14814814814814814,0.0,1.2
0.1111111111111111,0.0,1.12
0.1111111111111111,0.038461538461538464,1.12
0.1111111111111111,0.07692307692307693,1.12
-0.037037037037037035,0.038461538461538464,0.88
-0.037037037037037035,0.0,0.84
-0.037037037037037035,-0.038461538461538464,0.84
0.14814814814814814,0.038461538461538464,1.12
0.14814814814814814,0.038461538461538464,1.16
0.14814814814814814,0.038461538461538464,1.12
0.07407407407407407,0.038461538461538464,1.12
0.1111111111111111,0.038461538461538464,1.12
0.07407407407407407,0.038461538461538464,1.16
Button released
Button 4 pressed
-0.14814814814814814,0.07692307692307693,0.84
0.1111111111111111,0.07692307692307693,1.2
0.25925925925925924,0.07692307692307693,1.4
0.3333333333333333,0.07692307692307693,1.4
0.4074074074074074,0.11538461538461539,1.48
0.3333333333333333,0.07692307692307693,1.44
0.25925925925925924,0.038461538461538464,1.36
0.14814814814814814,0.0,1.2
0.1111111111111111,0.07692307692307693,1.12
0.18518518518518517,0.07692307692307693,1.2
0.18518518518518517,0.07692307692307693,1.2
0.1111111111111111,0.038461538461538464,1.12
-0.037037037037037035,0.038461538461538464,0.88
0.0,0.0,0.88
0.18518518518518517,0.038461538461538464,1.16
0.2222222222222222,0.07692307692307693,1.2
0.18518518518518517,0.07692307692307693,1.2
0.1111111111111111,0.07692307692307693,1.12
-0.07407407407407407,-0.038461538461538464,0.84
-0.037037037037037035,-0.038461538461538464,0.84
0.0,-0.038461538461538464,0.88
0.14814814814814814,0.07692307692307693,1.16
0.14814814814814814,0.07692307692307693,1.2
0.1111111111111111,0.07692307692307693,1.16
Button released
Button 4 pressed
0.037037037037037035,0.038461538461538464,1.12
0.07407407407407407,0.038461538461538464,1.12
0.07407407407407407,0.038461538461538464,1.16
0.07407407407407407,0.038461538461538464,1.12
0.1111111111111111,0.038461538461538464,1.12
0.14814814814814814,0.038461538461538464,1.12
0.18518518518518517,0.038461538461538464,1.2
0.18518518518518517,0.038461538461538464,1.2
0.1111111111111111,0.038461538461538464,1.16
0.07407407407407407,0.038461538461538464,1.12
0.07407407407407407,0.038461538461538464,1.12
0.07407407407407407,0.038461538461538464,1.12
0.07407407407407407,0.038461538461538464,1.12
0.037037037037037035,0.038461538461538464,1.12
0.037037037037037035,0.038461538461538464,1.12
Button released
Button 4 pressed
0.0,0.038461538461538464,1.16
0.037037037037037035,0.038461538461538464,1.2
0.037037037037037035,0.0,1.16
0.1111111111111111,0.0,1.16
0.1111111111111111,0.0,1.2
0.1111111111111111,0.0,1.2
0.07407407407407407,0.0,1.2
0.037037037037037035,0.0,1.16
0.037037037037037035,0.038461538461538464,1.12
0.07407407407407407,0.038461538461538464,1.12
0.07407407407407407,0.0,1.16
0.07407407407407407,0.038461538461538464,1.16
0.037037037037037035,0.038461538461538464,1.12
Button released
Button 4 pressed
-0.14814814814814814,0.038461538461538464,0.84
0.1111111111111111,0.0,1.12
0.18518518518518517,0.0,1.24
0.18518518518518517,0.038461538461538464,1.28
0.18518518518518517,0.0,1.28
0.1111111111111111,0.0,1.24
0.07407407407407407,0.038461538461538464,1.16
0.0,0.0,1.12
0.07407407407407407,0.038461538461538464,1.12
0.07407407407407407,0.038461538461538464,1.12
0.07407407407407407,0.038461538461538464,1.12
0.037037037037037035,0.038461538461538464,1.12
0.07407407407407407,0.038461538461538464,1.12
0.07407407407407407,0.038461538461538464,1.12
0.037037037037037035,0.038461538461538464,1.12
0.037037037037037035,0.038461538461538464,1.12
0.037037037037037035,0.038461538461538464,1.12
Button released
Button 4 pressed
0.07407407407407407,0.0,1.16
0.1111111111111111,0.0,1.16
0.14814814814814814,0.038461538461538464,1.2
0.18518518518518517,0.0,1.24
0.18518518518518517,0.038461538461538464,1.28
0.14814814814814814,0.0,1.28
0.1111111111111111,0.0,1.2
0.037037037037037035,0.0,1.12
-0.07407407407407407,0.0,0.88
-0.07407407407407407,0.0,0.84
-0.07407407407407407,0.0,0.88
0.14814814814814814,0.038461538461538464,1.16
0.14814814814814814,0.038461538461538464,1.2
0.14814814814814814,0.038461538461538464,1.2
0.1111111111111111,0.038461538461538464,1.16
Button released
Button 4 pressed
0.1111111111111111,-0.038461538461538464,1.16
0.18518518518518517,0.0,1.24
0.18518518518518517,0.0,1.28
0.18518518518518517,0.038461538461538464,1.28
0.14814814814814814,0.038461538461538464,1.24
0.1111111111111111,0.038461538461538464,1.2
0.037037037037037035,0.038461538461538464,1.12
-0.1111111111111111,0.038461538461538464,0.88
-0.07407407407407407,0.0,0.88
0.1111111111111111,0.038461538461538464,1.12
0.1111111111111111,0.038461538461538464,1.16
0.1111111111111111,0.038461538461538464,1.16
0.07407407407407407,0.0,1.12
0.07407407407407407,0.038461538461538464,1.12
0.07407407407407407,0.038461538461538464,1.12
0.07407407407407407,0.038461538461538464,1.12
0.07407407407407407,0.038461538461538464,1.12
Button released
Button 4 pressed
0.07407407407407407,0.0,1.2
0.2222222222222222,0.038461538461538464,1.32
0.25925925925925924,0.07692307692307693,1.36
0.25925925925925924,0.07692307692307693,1.4
0.2222222222222222,0.07692307692307693,1.36
0.14814814814814814,0.038461538461538464,1.28
0.07407407407407407,0.038461538461538464,1.2
0.07407407407407407,0.038461538461538464,1.12
0.07407407407407407,0.038461538461538464,1.12
0.037037037037037035,0.038461538461538464,1.12
0.037037037037037035,0.038461538461538464,1.12
0.037037037037037035,0.038461538461538464,1.12
0.037037037037037035,0.038461538461538464,1.12
Button released
Button 4 pressed
-0.18518518518518517,0.0,0.88
0.037037037037037035,0.038461538461538464,1.2
0.14814814814814814,0.07692307692307693,1.32
0.2222222222222222,0.11538461538461539,1.4
0.25925925925925924,0.11538461538461539,1.44
0.2222222222222222,0.11538461538461539,1.4
0.18518518518518517,0.07692307692307693,1.32
0.1111111111111111,0.07692307692307693,1.2
0.037037037037037035,0.11538461538461539,1.12
0.037037037037037035,0.11538461538461539,1.12
0.037037037037037035,0.038461538461538464,1.12
0.037037037037037035,0.038461538461538464,1.12
0.037037037037037035,0.038461538461538464,1.16
0.037037037037037035,0.038461538461538464,1.2
0.037037037037037035,0.07692307692307693,1.2
0.037037037037037035,0.07692307692307693,1.12
Button released
Button 4 pressed
-0.4074074074074074,0.15384615384615385,0.68
0.14814814814814814,0.038461538461538464,1.2
0.25925925925925924,0.07692307692307693,1.32
0.3333333333333333,0.07692307692307693,1.48
0.37037037037037035,0.038461538461538464,1.56
0.3333333333333333,0.038461538461538464,1.52
0.2222222222222222,0.038461538461538464,1.44
0.1111111111111111,0.038461538461538464,1.28
0.037037037037037035,0.0,1.12
-0.14814814814814814,0.0,0.88
-0.18518518518518517,0.038461538461538464,0.8
-0.18518518518518517,0.038461538461538464,0.76
-0.14814814814814814,0.038461538461538464,0.76
-0.07407407407407407,0.038461538461538464,0.84
0.1111111111111111,0.07692307692307693,1.12
0.14814814814814814,0.07692307692307693,1.2
0.1111111111111111,0.07692307692307693,1.24
0.07407407407407407,0.07692307692307693,1.2
0.037037037037037035,0.038461538461538464,1.12
0.037037037037037035,0.038461538461538464,1.12
0.037037037037037035,0.038461538461538464,1.12
0.037037037037037035,0.038461538461538464,1.12
Button released
Button 8 pressed
Button released